[?25l[0m [38;2;0;0;0m                                                                               [0m
 [38;2;0;0;0m                                                                               [0m
 [38;2;0;0;0m                                                                               [0m
 [38;2;0;0;0m                                                                               [0m
 [38;2;0;0;0m                                  [38;2;23;11;27m_[38;2;182;228;100m_[38;2;173;205;104m_[0m [38;2;0;0;0m                                         [0m
 [38;2;0;0;0m                                  [38;2;32;11;40m`[38;2;122;151;81;48;2;74;71;66m~[38;2;101;197;67;48;2;141;215;76my[38;2;104;111;85;48;2;153;215;84m`[0m[7m[38;2;113;151;73m~[0m[38;2;96;83;84m_[0m [38;2;0;0;0m                                      [0m
 [38;2;0;0;0m                                   [7m[38;2;28;8;36mL[0m[38;2;39;47;44;48;2;58;111;58mL[38;2;179;226;126;48;2;75;155;68m`[38;2;168;223;135;48;2;123;206;77m,[38;2;116;116;97;48;2;97;154;73m`[0m[7m[38;2;46;23;52m`[0m[38;2;130;177;66;48;2;69;78;47my[0m[7m[38;2;127;169;69m~[38;2;69;57;59m~[0m [38;2;0;0;0m                                  [0m
 [38;2;0;0;0m                                 [0m [7m[38;2;45;33;45mF[0m[38;2;169;205;111;48;2;82;83;68ma[38;2;154;200;84;48;2;94;94;71my[38;2;97;116;76;48;2;48;71;56m_[38;2;148;182;138;48;2;94;141;91m1[38;2;79;168;66;48;2;58;123;61m`[38;2;86;118;67;48;2;89;148;71m^[38;2;56;124;60;48;2;104;184;70m_[38;2;112;180;76;48;2;62;88;57m~[0m[38;2;25;6;32mF                                   [0m
 [38;2;0;0;0m                              [0m [38;2;49;13;60m_[38;2;49;13;67m_[38;2;138;127;142;48;2;32;12;38m_[38;2;248;244;251;48;2;61;34;72m_[38;2;48;36;47;48;2;57;26;66m`[38;2;101;176;70;48;2;65;73;68m~[38;2;83;144;72;48;2;69;105;65m%[38;2;85;91;94;48;2;54;46;64m"[38;2;42;78;54;48;2;46;48;57m~[38;2;96;156;88;48;2;65;97;67mf[38;2;46;85;52;48;2;48;31;58m~[38;2;36;10;38;48;2;46;12;56m~[38;2;242;232;242;48;2;44;28;49m_[0m[38;2;170;159;179m_[38;2;52;21;62m_[38;2;39;10;49m_[0m [38;2;0;0;0m                               [0m
 [38;2;0;0;0m                           [0m [38;2;50;9;73m.[38;2;250;243;247;48;2;61;43;68m_[38;2;221;215;223;48;2;121;100;128my[38;2;54;21;69;48;2;211;203;214m~[38;2;73;53;88;48;2;236;232;237m`[38;2;207;189;211;48;2;250;248;249m_[38;2;67;30;85;48;2;235;231;236m_[38;2;48;11;63;48;2;77;43;89m:[38;2;179;164;183;48;2;119;95;128my[38;2;77;49;89;48;2;204;196;208m~[38;2;62;30;74;48;2;203;193;207m~[38;2;61;46;69;48;2;214;194;218m`[38;2;53;8;68;48;2;190;124;199m~[38;2;132;87;141;48;2;170;116;183m~[38;2;51;8;74;48;2;67;27;82m'[38;2;56;20;76;48;2;225;218;227m_[38;2;179;159;184;48;2;249;247;249m_[38;2;122;101;124;48;2;240;236;240m`[38;2;69;40;82;48;2;215;207;218m~[38;2;226;220;227;48;2;124;107;132my[38;2;251;247;252;48;2;67;50;73m_[0m[38;2;67;40;79m_[38;2;28;6;34m_                            [0m
 [38;2;0;0;0m                         [38;2;45;9;60m_[38;2;201;190;204;48;2;49;29;59m_[38;2;45;11;62;48;2;177;164;183m~[38;2;172;158;176;48;2;241;239;241m~[38;2;165;145;175;48;2;247;244;247m_[38;2;63;12;84;48;2;197;184;203m_[38;2;67;25;89;48;2;161;138;171ma[38;2;186;170;190;48;2;76;38;93m~[38;2;32;8;39;48;2;53;16;70m.[38;2;59;12;76;48;2;49;12;64m^[38;2;246;241;247;48;2;94;66;104m_[38;2;243;237;244;48;2;226;222;227m`[38;2;250;253;253;48;2;245;243;245m:[38;2;240;235;237;48;2;246;244;245mF[38;2;254;249;254;48;2;241;219;243m'[38;2;213;115;225;48;2;230;152;239mL[38;2;175;82;198;48;2;218;147;230m\[38;2;198;152;207;48;2;119;75;135my[38;2;52;9;66;48;2;56;14;73m:[38;2;28;7;37;48;2;48;11;64m.[38;2;235;224;239;48;2;76;40;92m`[38;2;251;247;251;48;2;111;78;125m~[38;2;62;11;88;48;2;191;175;198m_[38;2;142;115;153;48;2;244;242;244m_[38;2;169;154;179;48;2;239;238;241m`[38;2;52;19;67;48;2;184;172;188m~[0m[7m[38;2;79;58;89m~[0m[38;2;49;9;60m_[0m [38;2;0;0;0m                         [0m
 [38;2;0;0;0m                       [0m [38;2;149;129;154;48;2;46;24;57m_[38;2;54;23;74;48;2;194;183;200m~[38;2;248;248;246;48;2;250;248;250m.[38;2;78;39;100;48;2;218;211;222m_[38;2;244;240;246;48;2;105;71;120m~[38;2;70;37;88;48;2;54;18;70m`[38;2;60;14;83;48;2;39;10;51m~[38;2;40;8;55;48;2;40;13;48m`[38;2;240;235;240;48;2;62;37;70m_[38;2;217;212;220;48;2;119;98;126my[38;2;121;97;132;48;2;218;213;220m~[38;2;230;225;229;48;2;245;243;245m=[38;2;236;234;235;48;2;249;249;249m~[38;2;227;224;227;48;2;240;237;240mJ[38;2;250;250;250;48;2;252;251;252m.[38;2;252;254;251;48;2;252;250;252m'[38;2;228;182;239;48;2;208;135;224m_[38;2;214;132;228;48;2;233;162;243m,[38;2;189;116;200;48;2;222;150;233m>[38;2;93;62;105;48;2;204;140;215m`[38;2;216;154;226;48;2;131;86;140my[38;2;240;193;247;48;2;75;43;85m_[38;2;32;9;40;48;2;44;15;54m'[38;2;52;13;69;48;2;38;11;48m~[38;2;65;22;92;48;2;50;15;66m`[38;2;224;212;227;48;2;99;63;115m~[38;2;64;22;90;48;2;212;199;216m_[38;2;252;254;252;48;2;250;249;250m:[38;2;82;52;95;48;2;202;192;206m~[0m[7m[38;2;72;48;82m~[0m[38;2;34;8;43m_                        [0m
 [38;2;0;0;0m                      [38;2;34;5;44my[38;2;185;170;192;48;2;83;57;96my[38;2;184;174;188;48;2;244;242;245m~[38;2;253;251;254;48;2;232;227;235m:[38;2;231;225;236;48;2;104;71;122m~[38;2;35;12;43;48;2;49;14;65my[38;2;48;12;60;48;2;38;11;47m_[38;2;220;215;223;48;2;66;41;75m_[38;2;46;15;60;48;2;179;166;184m~[38;2;155;139;162;48;2;229;226;230m~[38;2;222;217;223;48;2;243;240;242mx[38;2;232;226;232;48;2;243;242;244m^[38;2;239;239;241;48;2;250;250;251m~[38;2;244;240;242;48;2;249;248;249my[38;2;236;234;238;48;2;245;243;246m=[38;2;243;241;244;48;2;251;251;251m~[48;2;253;253;253m  [38;2;252;253;253;48;2;248;239;249m:[38;2;241;221;244;48;2;212;140;227m_[38;2;209;117;225;48;2;229;151;240my[38;2;247;194;250;48;2;238;169;246m`[38;2;197;120;208;48;2;230;160;239m7[38;2;177;95;195;48;2;224;155;236m=[38;2;152;69;174;48;2;215;148;226m_[38;2;57;18;74;48;2;181;122;193m~[38;2;231;170;241;48;2;79;43;88m_[38;2;53;10;66;48;2;37;10;46m,[38;2;59;12;82;48;2;41;11;53m~[38;2;199;181;207;48;2;96;61;112m~[38;2;150;123;160;48;2;233;228;235m_[38;2;254;251;252;48;2;243;240;243m'[38;2;188;174;194;48;2;99;74;110my[0m[38;2;37;8;47my                       [0m
 [38;2;0;0;0m                     [0m [38;2;165;148;174;48;2;88;59;103my[38;2;253;254;250;48;2;247;246;247m:[38;2;162;141;173;48;2;228;222;232m_[38;2;140;114;153;48;2;68;30;84m~[38;2;47;9;63;48;2;36;12;45m`[38;2;32;11;39;48;2;61;33;72m`[38;2;65;39;75;48;2;199;189;202m~[38;2;230;221;232;48;2;247;245;247m_[38;2;207;201;208;48;2;233;229;234m*[38;2;214;209;215;48;2;244;242;245m~[38;2;253;254;254;48;2;253;253;253m.[38;2;238;233;236;48;2;249;248;249m_[38;2;238;236;239;48;2;246;245;247mf[38;2;244;241;242;48;2;251;250;251m`[38;2;254;253;254;48;2;253;253;253m`   [38;2;254;254;254;48;2;252;253;251m`[38;2;254;248;254;48;2;251;250;252m`[38;2;207;125;223;48;2;232;195;240m~[38;2;230;148;243;48;2;207;118;225m`[38;2;186;96;211;48;2;226;147;242m_[38;2;239;169;252;48;2;236;159;246m`[38;2;148;79;166;48;2;224;154;237m`[38;2;147;71;173;48;2;199;125;216m=[38;2;156;69;182;48;2;211;126;229m_[38;2;110;70;122;48;2;192;124;208m~[38;2;150;100;166;48;2;67;31;81m_[38;2;45;10;60;48;2;36;11;46m`[38;2;83;50;99;48;2;67;29;86m`[38;2;145;123;162;48;2;221;211;223m_[38;2;254;254;254;48;2;251;250;250m'[38;2;189;177;195;48;2;109;82;121mL[0m[38;2;34;7;41mL                      [0m
 [38;2;0;0;0m                     [38;2;50;11;68;48;2;43;15;57m:[38;2;254;252;254;48;2;229;223;231m:[38;2;253;253;254;48;2;250;248;250m:[38;2;144;115;160;48;2;90;56;108m^[38;2;40;13;54;48;2;37;12;46m~[38;2;45;13;54;48;2;60;29;72m`[38;2;148;132;157;48;2;221;213;223m`[38;2;225;217;227;48;2;243;240;242m_[38;2;227;219;227;48;2;214;205;215my[38;2;254;254;254;48;2;251;250;251m:[38;2;252;254;252;48;2;253;253;253m^[38;2;238;233;238;48;2;247;246;247m_[38;2;228;225;229;48;2;242;240;243mF[48;2;253;253;253m [38;2;253;254;253m` [38;2;254;252;254;48;2;243;240;243m`[38;2;98;60;111;48;2;190;176;194my[38;2;93;57;107;48;2;187;173;192my[38;2;197;184;202;48;2;239;236;240m,[48;2;253;253;253m [38;2;250;254;254;48;2;253;252;253m.[38;2;250;239;251;48;2;227;180;240mL[38;2;176;80;199;48;2;198;105;224m`[38;2;172;77;201;48;2;208;119;229m_[38;2;219;132;239;48;2;223;139;242my[38;2;233;162;245;48;2;223;141;240m"[38;2;211;147;224;48;2;162;90;187mL[38;2;141;60;181;48;2;183;96;214m_[38;2;230;172;246;48;2;194;116;220m`[38;2;142;87;160;48;2;75;35;89m,[38;2;31;7;41;48;2;38;11;46m'[38;2;56;12;76;48;2;80;45;98m:[38;2;252;253;254;48;2;245;243;245m:[38;2;253;254;253;48;2;238;234;240m:[38;2;53;12;74;48;2;58;25;71m:[0m [38;2;0;0;0m                     [0m
 [38;2;0;0;0m                    [0m [38;2;116;87;131;48;2;94;64;109mu[38;2;254;252;254;48;2;253;252;253m`[38;2;251;253;254;48;2;219;211;222m'[38;2;43;11;57;48;2;46;10;63ma[38;2;45;14;55;48;2;44;14;51md[38;2;84;53;97;48;2;153;131;160mF[38;2;240;230;242;48;2;244;239;244m_[38;2;219;207;223;48;2;202;187;205mF[38;2;228;222;229;48;2;239;234;240m~[38;2;246;242;248;48;2;249;249;249m_[38;2;249;248;251;48;2;251;250;251my[38;2;219;210;219;48;2;231;225;232ma[38;2;253;254;253;48;2;251;251;251m`[38;2;253;253;254;48;2;253;253;253m:  [38;2;254;248;254;48;2;220;213;222m'[38;2;54;15;72;48;2;71;32;86m:[38;2;53;11;67;48;2;61;21;76m:[38;2;162;144;171;48;2;214;207;217m~[38;2;254;251;254;48;2;253;252;253m.[38;2;250;254;252;48;2;253;253;252m'[38;2;251;254;251;48;2;250;246;251m:[38;2;200;111;233;48;2;204;122;230m:[38;2;172;80;204;48;2;163;69;194mW[38;2;203;112;232;48;2;208;118;232m_[38;2;203;113;231;48;2;209;119;233my[38;2;200;117;229;48;2;210;134;233m_[38;2;97;27;143;48;2;123;48;160m:[38;2;180;85;219;48;2;189;97;222m_[38;2;136;82;157;48;2;153;89;180m4[38;2;44;15;51;48;2;46;15;56m4[38;2;40;10;51;48;2;48;11;62mL[38;2;166;149;173;48;2;210;199;213mL[38;2;253;252;251;48;2;253;253;253m"[38;2;176;155;184;48;2;106;77;121mL[0m [38;2;0;0;0m                     [0m
 [38;2;0;0;0m                    [0m [38;2;58;11;75;48;2;98;66;112m:[38;2;254;251;254;48;2;253;252;253m.[38;2;254;253;251;48;2;220;212;223m'[38;2;47;14;58;48;2;50;12;64m4[38;2;39;12;45;48;2;45;13;54m.[38;2;78;46;92;48;2;153;126;162mi[38;2;228;205;233;48;2;234;216;238my[38;2;192;166;199;48;2;182;157;188mL[38;2;248;236;250;48;2;232;218;235m:[38;2;238;220;242;48;2;241;227;243my[38;2;245;240;248;48;2;241;229;244m~[38;2;197;180;201;48;2;212;200;215m:[38;2;254;254;254;48;2;249;246;250m`[38;2;249;247;251;48;2;252;251;252m_[48;2;253;253;253m  [38;2;253;254;251;48;2;226;219;227m'[38;2;139;121;147;48;2;60;22;76m_[38;2;141;123;147;48;2;57;16;73m_[38;2;151;133;161;48;2;216;208;219mL[48;2;253;253;253m [38;2;254;254;252;48;2;253;253;252m.[38;2;253;254;251;48;2;246;236;249m'[38;2;194;105;230;48;2;185;101;221m'[38;2;122;38;163;48;2;144;56;183m:[38;2;195;104;229;48;2;182;90;220m~[38;2;193;102;226;48;2;181;89;219m~[38;2;179;90;219;48;2;190;107;225m:[38;2;84;21;127;48;2;106;38;146m:[38;2;172;79;214;48;2;161;69;208m~[38;2;189;118;224;48;2;138;68;171m`[38;2;50;15;63;48;2;47;16;56mF[38;2;48;11;66;48;2;46;13;59m4[38;2;178;163;186;48;2;205;195;210m~[38;2;252;253;253;48;2;253;252;253m4[38;2;167;143;176;48;2;108;77;121mL[0m[38;2;20;2;27mL                     [0m
 [38;2;0;0;0m                    [0m [38;2;58;9;79;48;2;54;17;73m`[38;2;254;253;253;48;2;227;221;229m`[38;2;254;253;254;48;2;251;249;251m.[38;2;186;168;196;48;2;90;57;103m,[38;2;44;17;54;48;2;42;13;49m,[38;2;54;15;72;48;2;77;41;93m'[38;2;224;194;232;48;2;209;175;218m`[38;2;187;149;198;48;2;198;162;209mJ[38;2;243;228;246;48;2;182;154;192m`[38;2;225;197;232;48;2;230;205;236my[38;2;223;191;235;48;2;230;206;237m_[38;2;207;184;216;48;2;216;192;224mJ[38;2;179;152;189;48;2;218;200;223m_[38;2;235;222;241;48;2;241;231;246my[38;2;235;218;240;48;2;245;238;248m_[38;2;238;226;243;48;2;250;246;251m_[38;2;241;233;244;48;2;251;250;251m_[38;2;246;239;245;48;2;252;250;251m_[38;2;244;238;246;48;2;251;251;252m_[38;2;241;232;248;48;2;251;249;251m_[38;2;242;226;239;48;2;248;245;250m_[38;2;233;219;243;48;2;242;236;247m_[38;2;223;190;234;48;2;183;126;216mF[38;2;122;45;172;48;2;149;65;197my[38;2;118;37;166;48;2;139;54;189mF[38;2;148;58;204;48;2;161;69;209m_[38;2;151;62;204;48;2;161;71;212my[38;2;103;40;144;48;2;150;78;191my[38;2;91;24;138;48;2;111;36;164mF[38;2;123;43;184;48;2;136;54;193m,[38;2;119;58;150;48;2;76;27;100m^[38;2;46;15;55;48;2;43;15;50m~[38;2;52;15;67;48;2;80;46;94m'[38;2;254;254;254;48;2;246;243;245m:[38;2;254;254;251;48;2;238;234;240m'[38;2;56;12;76;48;2;63;26;81m:[0m [38;2;13;2;18m                     [0m
 [38;2;0;0;0m                    [0m [38;2;24;7;25;48;2;33;8;43m,[38;2;209;191;215;48;2;104;73;121m`[38;2;253;254;254;48;2;247;245;247m'[38;2;173;156;179;48;2;227;220;229m"[38;2;153;136;159;48;2;69;36;82m,[38;2;46;14;64;48;2;38;11;49m`[38;2;185;151;197;48;2;79;43;97m`[38;2;115;72;133;48;2;190;146;204m_[38;2;158;116;175;48;2;184;136;203m~[38;2;136;88;155;48;2;180;138;194mL[38;2;223;186;237;48;2;212;172;224m`[38;2;221;189;230;48;2;213;174;226m~[38;2;177;147;190;48;2;202;163;215m"[38;2;173;137;189;48;2;203;174;216mL[38;2;234;215;240;48;2;223;200;232m`[38;2;222;199;231;48;2;227;209;235my[38;2;226;203;234;48;2;231;214;237my[38;2;226;206;235;48;2;233;218;240my[38;2;238;229;243;48;2;229;213;237m~[38;2;219;199;230;48;2;230;214;236m_[38;2;242;221;238;48;2;220;198;233m`[38;2;226;201;238;48;2;160;101;203m~[38;2;98;30;151;48;2;124;49;178my[38;2;102;31;157;48;2;117;40;173mF[38;2;143;57;200;48;2;130;46;190m~[38;2;141;54;198;48;2;132;49;191m~[38;2;86;23;132;48;2;126;51;175my[38;2;69;12;111;48;2;93;26;148m'[38;2;124;36;188;48;2;111;36;170m`[38;2;118;50;167;48;2;74;25;101m~[38;2;49;11;64;48;2;40;12;49m~[38;2;42;16;50;48;2;63;32;77m'[38;2;148;126;163;48;2;219;211;221m~[38;2;253;254;254;48;2;251;250;251m:[38;2;178;163;185;48;2;111;80;126mF[38;2;50;15;64;48;2;34;9;45m'[0m [38;2;0;0;0m                     [0m
 [38;2;0;0;0m                     [38;2;28;6;29m`[38;2;50;10;77;48;2;38;9;50m`[38;2;190;172;196;48;2;105;72;121m~[38;2;193;182;201;48;2;240;237;241m,[38;2;205;195;211;48;2;232;229;234m`[38;2;238;234;241;48;2;97;70;108m_[38;2;50;13;64;48;2;37;11;48m_[38;2;29;12;36;48;2;48;16;63m.[38;2;185;137;202;48;2;102;58;122m~[38;2;74;29;94;48;2;174;118;196m_[38;2;144;88;165;48;2;172;113;193m?[38;2;141;81;163;48;2;180;125;202mx[38;2;124;66;146;48;2;194;141;213m_[38;2;208;158;227;48;2;196;143;217m'[38;2;165;117;184;48;2;183;132;203m?[38;2;160;110;182;48;2;191;150;209mw[38;2;155;101;175;48;2;206;172;220m_[38;2;217;193;228;48;2;208;179;225m`[38;2;118;54;175;48;2;201;168;220m_[38;2;123;57;177;48;2;170;126;203my[38;2;160;99;204;48;2;103;38;156m~[38;2;83;21;134;48;2;99;29;159mf[38;2;94;29;147;48;2;106;31;170m`[38;2;87;29;131;48;2;112;35;175m_[38;2;86;24;136;48;2;106;34;163my[38;2;145;73;192;48;2;91;23;147m`[38;2;74;19;108;48;2;95;26;156m_[38;2;62;17;90;48;2;88;27;134my[38;2;82;32;116;48;2;47;13;64m~[38;2;46;12;68;48;2;38;11;49m_[38;2;231;221;232;48;2;85;56;98m_[38;2;132;111;135;48;2;227;221;230m`[38;2;253;252;253;48;2;244;242;243m'[38;2;231;223;234;48;2;115;85;130m~[38;2;57;14;81;48;2;40;11;54m`[0m[38;2;19;7;24m^                      [0m
 [38;2;0;0;0m                      [38;2;30;8;33m`[38;2;20;5;24;48;2;34;9;44m,[38;2;155;138;168;48;2;73;36;91m`[38;2;62;14;86;48;2;199;186;205m_[38;2;248;250;245;48;2;250;249;249m.[38;2;100;78;110;48;2;214;207;216m~[38;2;252;250;253;48;2;93;68;103m_[38;2;35;11;45;48;2;44;15;55m'[38;2;53;13;70;48;2;40;10;52m~[38;2;182;125;206;48;2;65;27;82m`[38;2;184;118;208;48;2;97;48;117m~[38;2;81;30;104;48;2;131;69;157my[38;2;186;124;209;48;2;116;53;146m`[38;2;189;127;210;48;2;113;51;148m~[38;2;190;132;208;48;2;111;52;149m~[38;2;146;86;168;48;2;98;36;142m~[38;2;170;121;210;48;2;92;32;137m`[38;2;74;18;117;48;2;99;31;154my[38;2;57;9;83;48;2;82;23;131m_[38;2;73;17;123;48;2;91;25;145mw[38;2;72;12;120;48;2;91;24;145m=[38;2;59;10;77;48;2;83;22;131m_[38;2;92;24;154;48;2;72;16;109m=[38;2;96;20;161;48;2;70;17;104m~[38;2;90;28;142;48;2;54;15;75m~[38;2;56;13;74;48;2;42;12;54m~[38;2;51;11;63;48;2;43;14;53m`[38;2;250;247;252;48;2;83;58;93m_[38;2;67;38;85;48;2;209;199;212m~[38;2;253;254;248;48;2;251;250;251m.[38;2;62;22;82;48;2;211;200;216m_[38;2;213;194;217;48;2;82;45;98m`[38;2;55;14;80;48;2;35;11;46m`[0m[38;2;25;8;30m~                       [0m
 [38;2;0;0;0m                       [0m [7m[38;2;21;6;27m_[0m[38;2;61;10;86;48;2;41;11;53m`[38;2;238;226;242;48;2;84;48;101m`[38;2;102;64;121;48;2;192;178;200my[38;2;158;136;166;48;2;244;243;245m_[38;2;148;131;152;48;2;237;235;237m`[38;2;51;22;64;48;2;189;178;192m~[38;2;215;198;220;48;2;81;55;92m,[38;2;57;17;64;48;2;40;12;49m_[38;2;54;19;59;48;2;39;12;48m_[38;2;34;10;38;48;2;44;12;56ma[38;2;51;11;71;48;2;40;10;52m~[38;2;33;10;43;48;2;46;9;63my[38;2;36;10;46;48;2;49;11;66my[38;2;28;10;34;48;2;49;10;66m_[48;2;48;11;65m_[38;2;35;11;45;48;2;47;12;65my[38;2;61;9;85;48;2;42;11;55m~[38;2;34;9;43;48;2;45;11;59ma[38;2;30;9;35;48;2;43;11;57m=[38;2;32;10;41;48;2;42;12;55m=[38;2;195;181;199;48;2;47;20;57m_[38;2;252;253;252;48;2;93;71;101m_[38;2;47;12;59;48;2;182;171;187m~[38;2;161;143;165;48;2;238;236;239m~[38;2;253;250;254;48;2;243;240;243m:[38;2;108;72;127;48;2;203;191;207my[38;2;198;186;205;48;2;84;49;102m~[38;2;61;10;87;48;2;43;11;56m`[0m[7m[38;2;25;7;32my[0m[38;2;19;5;21m`                        [0m
 [38;2;0;0;0m                         [38;2;26;7;29m`[7m[38;2;24;8;28my[0m[38;2;25;8;28;48;2;40;10;50m,[38;2;54;18;70;48;2;72;34;91m`[38;2;252;253;254;48;2;243;239;244m:[38;2;253;253;254;48;2;243;240;243m`[38;2;129;103;145;48;2;75;36;93m~[38;2;54;16;65;48;2;57;22;68m:[38;2;252;249;250;48;2;73;53;82m_[38;2;233;229;234;48;2;135;116;143my[38;2;41;11;53;48;2;200;192;203m~[38;2;43;10;55;48;2;180;168;185m~[38;2;229;224;230;48;2;127;108;134my[38;2;220;215;221;48;2;119;99;125my[38;2;219;214;220;48;2;117;98;124my[38;2;227;224;228;48;2;125;106;132my[38;2;234;228;236;48;2;137;120;145ma[38;2;46;12;62;48;2;201;192;205m~[38;2;55;27;73;48;2;222;216;225m~[38;2;122;113;130;48;2;240;237;240m`[38;2;254;252;254;48;2;243;240;244m:[38;2;62;12;84;48;2;226;218;229m_[38;2;99;55;118;48;2;189;172;197my[38;2;252;244;252;48;2;98;61;115m~[38;2;80;44;97;48;2;59;22;76m'[38;2;61;14;89;48;2;39;11;50m`[0m[7m[38;2;22;7;27m_[0m[38;2;21;7;22m~                          [0m
 [38;2;0;0;0m                           [7m[38;2;28;6;37mF[0m[38;2;101;72;116;48;2;181;165;187mF[38;2;253;253;254;48;2;252;253;250m`[38;2;178;166;184;48;2;218;209;221mY[38;2;63;21;82;48;2;208;196;213m~[38;2;203;188;210;48;2;243;240;244m`[38;2;127;97;139;48;2;242;240;243m_[38;2;109;71;125;48;2;200;186;205my[38;2;70;27;91;48;2;164;140;175mg[38;2;74;28;95;48;2;166;143;176my[38;2;82;37;102;48;2;173;153;182my[38;2;83;40;104;48;2;176;156;185my[38;2;85;41;106;48;2;177;157;186my[38;2;82;39;103;48;2;174;154;183my[38;2;75;30;96;48;2;168;145;178my[38;2;254;252;254;48;2;117;82;133m~[38;2;242;234;243;48;2;92;55;110m~[38;2;238;221;246;48;2;75;37;91m`[38;2;67;33;85;48;2;52;16;68m`[38;2;62;11;88;48;2;42;11;53m~[0m[7m[38;2;37;10;46m_[38;2;24;8;30my[0m[38;2;30;11;37m~[0m [38;2;8;2;9m                            [0m
 [38;2;0;0;0m                          [0m [38;2;53;14;69;48;2;80;50;93m'[38;2;253;252;253;48;2;246;244;246m`[38;2;253;253;254;48;2;245;242;245m'[38;2;60;13;86;48;2;211;202;217m_[38;2;78;35;99;48;2;167;146;177my[38;2;183;168;189;48;2;77;40;94m~[38;2;38;12;46;48;2;53;13;70my[0m[7m[38;2;38;11;50m_[38;2;25;8;31m_[38;2;25;8;30m_[38;2;29;8;36m_[38;2;30;8;37m__[38;2;30;8;36m_[38;2;27;8;33m_[38;2;22;7;28m_[38;2;21;7;25my[38;2;17;6;20ma[0m[38;2;32;11;35m~[38;2;24;5;27m`                                [0m
 [38;2;0;0;0m                          [7m[38;2;38;8;51mF[0m[38;2;158;131;170;48;2;94;58;112mf[38;2;242;235;243;48;2;94;58;111m~[38;2;84;58;103;48;2;56;19;75m`[38;2;64;11;85;48;2;41;10;54m'[0m[7m[38;2;29;9;36m_[38;2;19;6;24my[0m[38;2;24;8;28m~[0m [38;2;0;0;0m                                            [0m
 [38;2;0;0;0m                         [0m [7m[38;2;31;10;39m_[38;2;33;10;40m_[38;2;21;7;25my[0m[38;2;28;10;35m~[0m [38;2;8;2;9m                                                [0m
 [38;2;0;0;0m             [0m [38;2;248;246;249m_[38;2;224;223;223my[7m[38;2;166;166;166m~[38;2;162;161;161m~[0m[38;2;199;198;199my[38;2;143;138;144m_      [0m [38;2;0;0;0m [38;2;219;214;219ma[7m[38;2;184;182;184m~[0m [38;2;0;0;0m            [38;2;167;102;179my[38;2;216;128;232my[38;2;217;129;231my[38;2;216;128;231my[38;2;217;127;231my[38;2;214;127;231my[38;2;151;90;162mw     [0m [38;2;192;111;213mg[38;2;135;81;153mw[0m [7m[38;2;139;79;156m~[0m[38;2;103;58;115mw                  [0m
 [38;2;0;0;0m            [0m [7m[38;2;196;194;196m~[0m[38;2;253;253;254;48;2;227;226;227m:[0m[38;2;249;246;249m~[38;2;220;216;220m`[38;2;159;156;160m~[7m[38;2;181;180;180my[0m[38;2;254;249;254;48;2;242;241;242m'[0m[38;2;146;142;146mL[0m [38;2;210;209;210my[38;2;239;237;239m_[38;2;210;211;209my[38;2;218;219;217my[38;2;245;241;245m_ [7m[38;2;131;128;131mF[0m[38;2;195;192;194my[0m [38;2;133;129;134m_[38;2;195;194;195my[38;2;220;220;218my[38;2;213;212;212my[38;2;250;247;250m_[0m  [38;2;209;209;208my[38;2;243;242;243m_[38;2;216;215;215my[38;2;218;219;218my[38;2;236;232;236m_[38;2;220;139;235m`[38;2;232;138;242m`[7m[38;2;136;81;145m$[0m[38;2;223;134;244;48;2;228;132;248mi[0m[7m[38;2;116;68;125m4[0m[38;2;229;137;243m`[38;2;196;121;208m`[38;2;170;95;186my[38;2;192;107;215my[38;2;196;108;215my[38;2;170;99;189my[0m  [38;2;223;117;248;48;2;199;109;231m`[0m[7m[38;2;132;73;152m4[0m [38;2;202;103;245;48;2;210;111;244m_[0m[38;2;115;65;131ml[0m [38;2;194;97;241m_[38;2;153;79;192my[0m [38;2;0;0;0m              [0m
 [38;2;0;0;0m            [0m [38;2;252;254;252;48;2;251;253;252m.[38;2;242;237;242;48;2;132;131;132ml[0m[38;2;242;237;242m   [0m [38;2;249;250;246;48;2;252;251;251m.[38;2;134;133;135;48;2;173;172;173m4[0m[38;2;131;127;131m4[38;2;253;253;254;48;2;252;253;252m.[0m[7m[38;2;148;146;148ma[0m[38;2;245;243;245m`[7m[38;2;168;167;169mi[0m[38;2;254;253;251;48;2;250;250;250m:[0m [7m[38;2;196;195;195mL[0m[38;2;254;253;254;48;2;215;213;215m`[0m [38;2;253;254;251;48;2;238;238;237m:[0m[7m[38;2;180;179;180my[0m[38;2;244;239;244m`[38;2;202;196;203m~[38;2;254;252;254;48;2;241;240;241m`[0m[38;2;214;213;215mL[38;2;148;146;149m4[38;2;254;251;254;48;2;252;252;252m.[0m[7m[38;2;132;129;132ma[0m[38;2;248;239;248m`[7m[38;2;194;192;194mL[0m[38;2;254;254;254;48;2;246;244;246m:[0m [38;2;0;0;0m [38;2;114;67;124m4[38;2;216;119;246;48;2;220;123;247my[0m[38;2;120;71;133mL [0m [7m[38;2;118;69;133m=[38;2;119;66;137m=[38;2;118;66;134m=[0m[38;2;217;115;250;48;2;189;98;221m`[38;2;207;125;235;48;2;153;83;180m'[0m [38;2;203;106;248;48;2;185;94;229m`[0m[7m[38;2;124;64;152m4[0m [38;2;185;86;244;48;2;191;92;242m_[0m[7m[38;2;137;66;173m4[38;2;156;74;205m`[38;2;149;71;192my[0m[38;2;121;65;151m`               [0m
 [38;2;0;0;0m            [0m [7m[38;2;161;159;161m_[0m[38;2;254;254;254;48;2;239;238;239m:[0m[38;2;223;222;223my[38;2;252;254;252m_[38;2;253;253;251m_[7m[38;2;207;206;206m~[38;2;231;231;231m_[0m[38;2;130;125;130m^[38;2;131;127;131m4[38;2;252;253;254;48;2;253;253;253m.[0m [38;2;79;76;79m [7m[38;2;130;129;131ml[0m[38;2;254;253;251;48;2;252;252;252m'[0m [7m[38;2;196;195;195mL[0m[38;2;253;253;254;48;2;215;213;215m:[0m [38;2;152;149;153;48;2;230;229;230m,[0m[7m[38;2;177;177;177m`[0m[38;2;252;252;253m_[38;2;253;253;252m_[38;2;253;252;254;48;2;242;242;243m`[0m[38;2;209;207;210mF[38;2;148;146;149m4[38;2;252;254;253;48;2;253;251;252m.[0m [38;2;0;0;0m [7m[38;2;161;159;161mL[0m[38;2;253;254;254;48;2;250;249;250m`[0m [38;2;0;0;0m [38;2;106;60;123m4[38;2;200;102;244;48;2;205;108;246my[0m[38;2;109;61;129mL [7m[38;2;131;69;158mL[0m[38;2;213;108;252;48;2;192;100;233m`[0m[38;2;170;89;211m_[38;2;175;94;212m_[38;2;204;99;243;48;2;173;86;217m`[38;2;196;100;252;48;2;149;75;189m'[0m [38;2;189;89;241;48;2;170;76;227m`[0m[7m[38;2;114;52;151m4[0m [38;2;178;77;240;48;2;180;79;244mW[0m[7m[38;2;128;59;170ma[38;2;102;43;140my[0m[38;2;166;73;239;48;2;153;62;216m'[0m[38;2;129;52;189my[0m [38;2;0;0;0m              [0m
 [38;2;0;0;0m              [38;2;203;201;205m`[38;2;251;250;252m~[7m[38;2;141;140;141my[38;2;137;136;137ma[0m[38;2;226;224;227m~[0m [38;2;0;0;0m [0m [38;2;253;253;251m~[0m [38;2;0;0;0m [0m [38;2;253;253;253m~[0m [38;2;219;215;219m"[38;2;242;239;243m~[0m  [38;2;244;241;243m~[7m[38;2;141;140;140my[38;2;135;134;135ma[0m[38;2;160;155;160m~ [0m [38;2;254;252;253m~[0m [38;2;0;0;0m [38;2;212;206;212m`[38;2;254;252;253m~[0m [38;2;0;0;0m [0m [38;2;194;97;248m~[0m [38;2;67;36;83m [0m [38;2;187;95;238m~[7m[38;2;106;52;134my[0m[38;2;188;92;240m~[38;2;153;73;201m~[38;2;164;78;218m~[0m [38;2;160;69;228m~[38;2;114;50;157m~[0m [38;2;175;72;246m~[38;2;89;37;119m~ [38;2;131;60;186m`[38;2;161;56;235m~[38;2;97;43;138m^              [0m
 [38;2;0;0;0m                                                                               [0m
 [38;2;0;0;0m                                                                               [0m
 [38;2;0;0;0m                                                                               [0m
 [38;2;0;0;0m                                                                               [0m
 [38;2;0;0;0m                                                                               [0m
 [38;2;0;0;0m                                                                               [0m
 [38;2;0;0;0m                                                                               [0m
 [38;2;0;0;0m                                                                               [0m
[?25h